timestamp,state,x,y
1679997853784,0,(-3587.9, 727.1)
1679997853795,0,(-3587.9, 727.1)
1679997853808,0,(-3587.9, 727.1)
1679997853822,0,(-3587.9, 727.1)
1679997853836,0,(-3587.9, 727.1)
1679997853862,0,(-3587.9, 727.1)
1679997853871,0,(-3587.9, 727.1)
1679997853885,0,(-3587.9, 727.1)
1679997853898,0,(-3587.9, 727.1)
1679997853913,0,(-3587.9, 727.1)
1679997853926,0,(-3587.9, 727.1)
1679997853941,0,(-3587.9, 727.1)
1679997853970,0,(-3587.9, 727.1)
1679997853979,0,(-3587.9, 727.1)
1679997853994,0,(-3587.9, 727.1)
1679997854007,0,(-3587.9, 727.1)
1679997854021,0,(-3587.9, 727.1)
1679997854034,0,(-3587.9, 727.1)
1679997854048,0,(-3587.9, 727.1)
1679997854063,0,(-3587.9, 727.1)
1679997854077,0,(-3587.9, 727.1)
1679997854090,0,(-3587.9, 727.1)
1679997854104,0,(-3587.9, 727.1)
1679997854118,0,(-3587.9, 727.1)
1679997854132,0,(-3587.9, 727.1)
1679997854157,0,(-3587.9, 727.1)
1679997854167,0,(-3587.9, 727.1)
1679997854180,0,(-3587.9, 727.1)
1679997854193,0,(-3587.9, 727.1)
1679997854207,0,(-3587.9, 727.1)
1679997854222,0,(-3587.9, 727.1)
1679997854236,0,(-3587.9, 727.1)
1679997854249,0,(-3587.9, 727.1)
1679997854263,0,(-3587.9, 727.1)
1679997854277,0,(-3587.9, 727.1)
1679997854291,0,(-3587.9, 727.1)
1679997854305,0,(-3587.9, 727.1)
1679997854319,0,(-3587.9, 727.1)
1679997854333,0,(-3587.9, 727.1)
1679997854347,0,(-3587.9, 727.1)
1679997854362,0,(-3587.9, 727.1)
1679997854375,0,(-3587.9, 727.1)
1679997854389,0,(-3587.9, 727.1)
1679997854403,0,(-3587.9, 727.1)
1679997854417,0,(-3587.9, 727.1)
1679997854430,0,(-3587.9, 727.1)
1679997854444,0,(-3587.9, 727.1)
1679997854459,0,(-3587.9, 727.1)
1679997854473,0,(-3587.9, 727.1)
1679997854506,0,(956.7, 434.3)
1679997854521,0,(956.7, 434.3)
1679997854533,0,(956.7, 434.3)
1679997854547,0,(956.7, 434.3)
1679997854561,0,(956.7, 434.3)
1679997854575,0,(956.7, 434.3)
1679997854590,0,(956.7, 434.3)
1679997854604,0,(956.7, 435.9)
1679997854617,0,(956.7, 435.9)
1679997854631,0,(956.7, 435.9)
1679997854646,0,(956.7, 435.9)
1679997854659,0,(956.7, 435.9)
1679997854673,0,(956.7, 435.9)
1679997854687,0,(956.7, 435.9)
1679997854701,0,(956.7, 435.9)
1679997854715,0,(956.7, 435.9)
1679997854730,0,(956.7, 435.9)
1679997854743,0,(956.7, 435.9)
1679997854757,0,(956.7, 435.9)
1679997854771,0,(956.7, 435.9)
1679997854784,0,(956.7, 435.9)
1679997854801,0,(956.7, 435.9)
1679997854815,0,(956.7, 435.9)
1679997854829,0,(956.7, 435.9)
1679997854840,0,(956.7, 435.9)
1679997854854,0,(956.7, 435.9)
1679997854868,0,(956.7, 435.9)
1679997854882,0,(953.5, 435.9)
1679997854896,0,(951.9, 435.9)
1679997854911,0,(948.7, 435.9)
1679997854925,0,(948.7, 434.3)
1679997854938,0,(948.7, 434.3)
1679997854961,0,(948.7, 434.3)
1679997854967,0,(948.7, 434.3)
1679997854982,0,(948.7, 434.3)
1679997854996,0,(948.7, 434.3)
1679997855008,0,(948.7, 434.3)
1679997855022,0,(948.7, 434.3)
1679997855036,0,(948.7, 434.3)
1679997855051,0,(948.7, 434.3)
1679997855066,0,(948.7, 434.3)
1679997855081,0,(948.7, 434.3)
1679997855093,0,(948.7, 434.3)
1679997855107,0,(948.7, 434.3)
1679997855120,0,(948.7, 434.3)
1679997855134,0,(948.7, 434.3)
1679997855148,0,(948.7, 434.3)
1679997855162,0,(948.7, 434.3)
1679997855177,0,(948.7, 434.3)
1679997855190,0,(948.7, 434.3)
1679997855204,0,(948.7, 434.3)
1679997855218,0,(948.7, 434.3)
1679997855232,0,(948.7, 434.3)
1679997855246,0,(948.7, 434.3)
1679997855260,0,(948.7, 434.3)
1679997855274,0,(948.7, 434.3)
1679997855289,0,(948.7, 434.3)
1679997855302,0,(948.7, 434.3)
1679997855316,0,(948.7, 434.3)
1679997855330,0,(948.7, 434.3)
1679997855344,0,(948.7, 434.3)
1679997855357,0,(948.7, 434.3)
1679997855372,0,(948.7, 434.3)
1679997855386,0,(948.7, 434.3)
1679997855399,0,(948.7, 434.3)
1679997855413,0,(948.7, 434.3)
1679997855428,0,(948.7, 434.3)
1679997855441,0,(948.7, 434.3)
1679997855456,0,(948.7, 434.3)
1679997855470,0,(948.7, 434.3)
1679997855484,0,(948.7, 434.3)
1679997855497,0,(948.7, 434.3)
1679997855511,0,(948.7, 434.3)
1679997855525,0,(948.7, 434.3)
1679997855539,0,(948.7, 434.3)
1679997855553,0,(948.7, 434.3)
1679997855567,0,(948.7, 434.3)
1679997855591,0,(948.7, 434.3)
1679997855600,0,(948.7, 434.3)
1679997855613,0,(948.7, 434.3)
1679997855626,0,(948.7, 434.3)
1679997855640,0,(948.7, 434.3)
1679997855654,0,(948.7, 434.3)
1679997855668,0,(948.7, 434.3)
1679997855682,0,(948.7, 434.3)
1679997855696,0,(948.7, 434.3)
1679997855709,0,(948.7, 434.3)
1679997855724,0,(948.7, 434.3)
1679997855738,0,(948.7, 434.3)
1679997855752,0,(948.7, 434.3)
1679997855777,0,(948.7, 434.3)
1679997855787,0,(948.7, 434.3)
1679997855799,0,(948.7, 434.3)
1679997855812,0,(948.7, 434.3)
1679997855825,0,(948.7, 434.3)
