timestamp,state,x,y
1679997266531,0,(-759.2, 1125.6)
1679997266538,0,(-752.7, 1137.0)
1679997266552,0,(-751.2, 1143.5)
1679997266566,0,(-751.2, 1153.2)
1679997266580,0,(-751.2, 1158.1)
1679997266596,0,(-751.2, 1159.7)
1679997266610,0,(-751.2, 1167.9)
1679997266623,0,(-754.4, 1174.4)
1679997266636,0,(-754.4, 1180.9)
1679997266650,0,(-754.4, 1185.8)
1679997266665,0,(-754.4, 1190.7)
1679997266678,0,(-755.9, 1197.1)
1679997266692,0,(-755.9, 1200.4)
1679997266706,0,(-755.9, 1200.4)
1679997266719,0,(-755.9, 1200.4)
1679997266734,0,(-755.9, 1202.0)
1679997266748,0,(-757.7, 1203.7)
1679997266762,0,(-757.7, 1203.7)
1679997266776,0,(-757.7, 1203.7)
1679997266790,0,(-757.7, 1203.7)
1679997266806,0,(-757.7, 1203.7)
1679997266828,0,(-757.7, 1203.7)
1679997266839,0,(-757.7, 1203.7)
1679997266854,0,(-757.7, 1203.7)
1679997266880,0,(-757.7, 1203.7)
1679997266889,0,(-757.7, 1203.7)
1679997266904,0,(-757.7, 1203.7)
1679997266918,0,(-757.7, 1203.7)
1679997266931,0,(-757.7, 1203.7)
1679997266946,0,(-757.7, 1203.7)
1679997266959,0,(-757.7, 1203.7)
1679997266973,0,(-757.7, 1203.7)
1679997266987,0,(-757.7, 1203.7)
1679997267000,0,(-757.7, 1203.7)
1679997267015,0,(-757.7, 1203.7)
1679997267029,0,(-757.7, 1203.7)
1679997267043,0,(-757.7, 1203.7)
1679997267057,0,(-757.7, 1203.7)
1679997267071,0,(-757.7, 1203.7)
1679997267084,0,(-757.7, 1203.7)
1679997267098,0,(-757.7, 1203.7)
1679997267114,0,(-757.7, 1203.7)
1679997267128,0,(-757.7, 1203.7)
1679997267144,0,(-757.7, 1203.7)
1679997267156,0,(-757.7, 1203.7)
1679997267170,0,(-757.7, 1203.7)
1679997267183,0,(-757.7, 1203.7)
1679997267197,0,(-757.7, 1203.7)
1679997267211,0,(-757.7, 1203.7)
1679997267226,0,(-757.7, 1203.7)
1679997267241,0,(-757.7, 1203.7)
1679997267281,0,(-757.7, 1203.7)
1679997267299,0,(-757.7, 1203.7)
1679997267316,0,(-757.7, 1203.7)
1679997267339,0,(-757.7, 1203.7)
1679997267354,0,(-757.7, 1203.7)
1679997267365,0,(-757.7, 1203.7)
1679997267381,0,(-757.7, 1203.7)
1679997267395,0,(-757.7, 1203.7)
1679997267420,0,(-757.7, 1203.7)
1679997267434,0,(-757.7, 1203.7)
1679997267450,0,(-757.7, 1203.7)
1679997267457,0,(-757.7, 1203.7)
1679997267473,0,(-757.7, 1203.7)
1679997267486,0,(-757.7, 1203.7)
1679997267507,0,(-757.7, 1203.7)
1679997267517,0,(-757.7, 1203.7)
1679997267528,0,(-757.7, 1203.7)
1679997267542,0,(-757.7, 1203.7)
1679997267556,0,(-757.7, 1203.7)
1679997267571,0,(-757.7, 1203.7)
1679997267586,0,(-757.7, 1203.7)
1679997267599,0,(-757.7, 1203.7)
1679997267613,0,(-757.7, 1203.7)
1679997267634,0,(-757.7, 1203.7)
1679997267645,0,(-757.7, 1203.7)
1679997267659,0,(-757.7, 1203.7)
1679997267673,0,(-757.7, 1203.7)
1679997267686,0,(-757.7, 1203.7)
1679997267700,0,(-757.7, 1203.7)
1679997267714,0,(-757.7, 1203.7)
1679997267731,0,(-757.7, 1203.7)
1679997267744,0,(-757.7, 1203.7)
1679997267757,0,(-757.7, 1203.7)
1679997267770,0,(-757.7, 1203.7)
1679997267784,0,(-757.7, 1203.7)
1679997267798,0,(-757.7, 1203.7)
1679997267813,0,(-757.7, 1203.7)
1679997267825,0,(-757.7, 1203.7)
1679997267840,0,(-757.7, 1203.7)
1679997267853,0,(-757.7, 1203.7)
1679997267868,0,(-757.7, 1203.7)
1679997267883,0,(-757.7, 1203.7)
1679997267896,0,(-757.7, 1203.7)
1679997267910,0,(-757.7, 1203.7)
1679997267924,0,(-757.7, 1203.7)
1679997267937,0,(-757.7, 1203.7)
1679997267951,0,(-757.7, 1203.7)
1679997267965,0,(-757.7, 1203.7)
1679997267979,0,(-757.7, 1203.7)
1679997267993,0,(-757.7, 1203.7)
1679997268008,0,(-757.7, 1203.7)
1679997268022,0,(-757.7, 1203.7)
1679997268035,0,(-757.7, 1203.7)
1679997268049,0,(-757.7, 1203.7)
1679997268063,0,(-757.7, 1203.7)
1679997268078,0,(-757.7, 1203.7)
1679997268091,0,(-757.7, 1203.7)
1679997268105,0,(-757.7, 1203.7)
1679997268119,0,(-757.7, 1203.7)
1679997268133,0,(-757.7, 1203.7)
1679997268147,0,(-757.7, 1203.7)
1679997268162,0,(-757.7, 1203.7)
1679997268175,0,(-757.7, 1203.7)
1679997268189,0,(-757.7, 1203.7)
1679997268202,0,(-757.7, 1203.7)
1679997268216,0,(-757.7, 1203.7)
1679997268231,0,(-757.7, 1203.7)
1679997268245,0,(-757.7, 1203.7)
1679997268259,0,(-757.7, 1203.7)
1679997268274,0,(-757.7, 1203.7)
1679997268288,0,(-757.7, 1203.7)
1679997268301,0,(-757.7, 1203.7)
1679997268319,0,(-757.7, 1203.7)
1679997268331,0,(-757.7, 1203.7)
1679997268343,0,(-757.7, 1203.7)
1679997268357,0,(-757.7, 1203.7)
1679997268371,0,(-757.7, 1203.7)
1679997268386,0,(-757.7, 1203.7)
1679997268399,0,(-757.7, 1203.7)
1679997268413,0,(-757.7, 1203.7)
1679997268426,0,(-757.7, 1203.7)
1679997268443,0,(-757.7, 1203.7)
1679997268455,0,(-757.7, 1203.7)
1679997268468,0,(-757.7, 1203.7)
1679997268482,0,(-757.7, 1203.7)
1679997268496,0,(-757.7, 1203.7)
1679997268510,0,(-757.7, 1203.7)
1679997268525,0,(-757.7, 1203.7)
1679997268538,0,(-757.7, 1203.7)
1679997268552,0,(-757.7, 1203.7)
1679997268566,0,(-757.7, 1203.7)
1679997268579,0,(-757.7, 1203.7)
1679997268593,0,(-757.7, 1203.7)
1679997268607,0,(-757.7, 1203.7)
1679997268621,0,(-757.7, 1203.7)
1679997268636,0,(-757.7, 1203.7)
1679997268650,0,(-757.7, 1203.7)
1679997268664,0,(-757.7, 1203.7)
1679997268678,0,(-757.7, 1203.7)
1679997268692,0,(-757.7, 1203.7)
1679997268706,0,(-757.7, 1203.7)
1679997268718,0,(-757.7, 1203.7)
1679997268732,0,(-757.7, 1203.7)
1679997268747,0,(-757.7, 1203.7)
1679997268761,0,(-757.7, 1203.7)
1679997268775,0,(-757.7, 1203.7)
1679997268789,0,(-757.7, 1203.7)
1679997268802,0,(-757.7, 1203.7)
1679997268816,0,(-757.7, 1203.7)
1679997268833,0,(-757.7, 1203.7)
1679997268849,0,(-757.7, 1203.7)
1679997269026,0,(-757.7, 1203.7)
1679997269034,0,(-757.7, 1203.7)
1679997269046,0,(-757.7, 1203.7)
1679997269061,0,(-757.7, 1203.7)
1679997269172,0,(-757.7, 1203.7)
1679997269180,0,(-757.7, 1203.7)
1679997269194,0,(-757.7, 1203.7)
1679997269208,0,(-757.7, 1203.7)
1679997269222,0,(-757.7, 1203.7)
1679997269235,0,(-757.7, 1203.7)
1679997269249,0,(-757.7, 1203.7)
1679997269263,0,(-757.7, 1203.7)
1679997269277,0,(-757.7, 1203.7)
1679997269290,0,(-757.7, 1203.7)
1679997269305,0,(-757.7, 1203.7)
1679997269318,0,(-757.7, 1203.7)
1679997269333,0,(-757.7, 1203.7)
1679997269349,0,(-757.7, 1203.7)
1679997269361,0,(-757.7, 1203.7)
1679997269375,0,(-757.7, 1203.7)
1679997269390,0,(-757.7, 1203.7)
1679997269403,0,(-757.7, 1203.7)
1679997269417,0,(-757.7, 1203.7)
1679997269431,0,(-757.7, 1203.7)
1679997269444,0,(-757.7, 1203.7)
1679997269459,0,(-757.7, 1203.7)
1679997269473,0,(-757.7, 1203.7)
1679997269487,0,(-757.7, 1203.7)
1679997269500,0,(-757.7, 1203.7)
1679997269515,0,(-757.7, 1203.7)
1679997269527,0,(-757.7, 1203.7)
1679997269541,0,(-757.7, 1203.7)
1679997269555,0,(-757.7, 1203.7)
1679997269569,0,(-757.7, 1203.7)
1679997269583,0,(-757.7, 1203.7)
1679997269597,0,(-757.7, 1203.7)
1679997269612,0,(-757.7, 1203.7)
1679997269626,0,(-757.7, 1203.7)
1679997269641,0,(-757.7, 1203.7)
1679997269654,0,(-757.7, 1203.7)
1679997269667,0,(-757.7, 1203.7)
1679997269683,0,(-757.7, 1203.7)
1679997269694,0,(-757.7, 1203.7)
1679997269708,0,(-757.7, 1203.7)
1679997269723,0,(-757.7, 1203.7)
1679997269737,0,(-757.7, 1203.7)
1679997269751,0,(-757.7, 1203.7)
1679997269765,0,(-757.7, 1203.7)
1679997269779,0,(-757.7, 1203.7)
1679997269793,0,(-757.7, 1203.7)
1679997269807,0,(-757.7, 1203.7)
1679997269820,0,(-757.7, 1203.7)
1679997269834,0,(-757.7, 1203.7)
1679997269852,0,(-757.7, 1203.7)
1679997269862,0,(-757.7, 1203.7)
1679997269875,0,(-757.7, 1203.7)
1679997269890,0,(-757.7, 1203.7)
1679997269904,0,(-757.7, 1203.7)
1679997270166,0,(859.2, 484.7)
1679997270184,0,(847.8, 501.0)
1679997270197,0,(846.2, 502.6)
1679997270211,0,(844.6, 504.2)
1679997270225,0,(844.6, 505.8)
1679997270239,0,(844.6, 505.8)
1679997270254,0,(844.6, 505.8)
1679997270267,0,(844.6, 505.8)
1679997270282,1,(844.6, 507.5)
1679997270296,0,(841.3, 509.1)
1679997270309,1,(841.3, 510.7)
1679997270322,1,(841.3, 510.7)
1679997270337,1,(841.3, 510.7)
1679997270351,1,(841.3, 510.7)
1679997270363,0,(841.3, 510.7)
1679997270377,0,(841.3, 510.7)
1679997270391,0,(841.3, 510.7)
1679997270406,0,(841.3, 510.7)
1679997270419,0,(841.3, 510.7)
1679997270433,0,(841.3, 510.7)
1679997270447,1,(841.3, 514.0)
1679997270461,1,(842.9, 518.9)
1679997270475,1,(842.9, 522.1)
1679997270489,1,(844.6, 530.2)
1679997270503,1,(844.6, 540.0)
1679997270517,1,(844.6, 544.9)
1679997270531,1,(844.6, 546.5)
1679997270545,1,(844.6, 548.1)
1679997270559,1,(844.6, 548.1)
1679997270573,1,(844.6, 548.1)
1679997270586,1,(844.6, 548.1)
1679997270600,1,(844.6, 548.1)
1679997270614,1,(844.6, 548.1)
1679997270628,1,(844.6, 548.1)
1679997270643,1,(844.6, 548.1)
1679997270658,1,(844.6, 548.1)
1679997270670,1,(844.6, 548.1)
1679997270684,1,(844.6, 548.1)
1679997270698,1,(844.6, 548.1)
1679997270712,1,(844.6, 548.1)
1679997270725,1,(844.6, 548.1)
1679997270740,1,(841.3, 548.1)
1679997270754,1,(839.7, 548.1)
1679997270768,1,(838.0, 544.9)
1679997270782,1,(831.5, 541.6)
1679997270796,1,(831.5, 541.6)
1679997270810,0,(829.9, 541.6)
1679997270824,0,(829.9, 541.6)
1679997270838,0,(829.9, 541.6)
1679997270852,0,(829.9, 541.6)
1679997270866,0,(829.9, 541.6)
1679997270880,0,(828.3, 540.0)
1679997270894,0,(826.7, 538.4)
1679997270909,0,(826.7, 538.4)
1679997270923,0,(826.7, 538.4)
1679997270937,0,(823.4, 538.4)
1679997270950,0,(823.4, 538.4)
1679997270964,0,(823.4, 538.4)
1679997270978,0,(823.4, 538.4)
1679997270992,0,(823.4, 538.4)
1679997271006,0,(823.4, 538.4)
1679997271020,0,(823.4, 538.4)
1679997271034,0,(823.4, 538.4)
1679997271048,0,(823.4, 538.4)
1679997271062,0,(823.4, 538.4)
1679997271076,0,(823.4, 538.4)
1679997271091,0,(823.4, 538.4)
1679997271103,0,(823.4, 538.4)
1679997271117,0,(823.4, 538.4)
1679997271131,0,(823.4, 538.4)
1679997271145,0,(823.4, 538.4)
1679997271160,0,(821.8, 533.5)
1679997271173,0,(820.2, 531.9)
1679997271188,0,(818.5, 530.2)
1679997271201,0,(818.5, 530.2)
1679997271215,0,(818.5, 530.2)
1679997271229,0,(818.5, 530.2)
1679997271243,0,(818.5, 530.2)
1679997271257,0,(818.5, 530.2)
1679997271271,0,(818.5, 530.2)
1679997271285,0,(813.7, 530.2)
1679997271298,0,(813.7, 530.2)
1679997271312,0,(810.4, 530.2)
1679997271326,0,(808.8, 533.5)
1679997271340,0,(805.6, 533.5)
1679997271354,0,(805.6, 533.5)
1679997271368,0,(802.3, 533.5)
1679997271382,0,(802.3, 533.5)
1679997271397,0,(802.3, 533.5)
1679997271415,0,(802.3, 533.5)
1679997271425,0,(800.6, 533.5)
1679997271439,0,(799.1, 533.5)
1679997271453,0,(797.4, 533.5)
1679997271467,0,(797.4, 533.5)
1679997271481,0,(794.1, 533.5)
1679997271495,0,(790.9, 533.5)
1679997271509,0,(787.6, 533.5)
1679997271523,0,(782.8, 533.5)
1679997271537,0,(774.6, 535.1)
1679997271551,0,(771.4, 535.1)
1679997271564,0,(771.4, 535.1)
1679997271579,0,(771.4, 535.1)
1679997271592,0,(771.4, 535.1)
1679997271606,0,(771.4, 535.1)
1679997271620,0,(768.1, 535.1)
1679997271634,0,(768.1, 535.1)
1679997271648,0,(766.5, 533.5)
1679997271662,0,(764.9, 530.2)
1679997271676,0,(764.9, 527.0)
1679997271689,0,(764.9, 525.4)
1679997271703,0,(764.9, 522.1)
1679997271717,0,(764.9, 520.5)
1679997271731,0,(764.9, 517.2)
1679997271746,0,(764.9, 515.6)
1679997271759,0,(764.9, 515.6)
1679997271773,0,(764.9, 514.0)
1679997271787,0,(766.5, 514.0)
1679997271801,0,(766.5, 514.0)
1679997271815,0,(766.5, 510.7)
1679997271830,0,(769.8, 505.8)
1679997271843,0,(769.8, 504.2)
1679997271856,0,(769.8, 504.2)
1679997271870,0,(771.4, 501.0)
1679997271884,0,(771.4, 501.0)
1679997271898,0,(773.0, 499.3)
1679997271912,0,(774.6, 499.3)
1679997271926,0,(777.9, 497.7)
1679997271940,0,(782.8, 496.1)
1679997271955,0,(786.1, 491.2)
1679997271968,0,(797.4, 486.3)
1679997271981,0,(810.4, 484.7)
1679997271995,0,(820.2, 483.1)
1679997272009,0,(825.0, 483.1)
1679997272023,0,(829.9, 483.1)
1679997272040,0,(829.9, 483.1)
1679997272051,0,(829.9, 483.1)
1679997272070,0,(831.5, 484.7)
1679997272083,0,(831.5, 486.3)
1679997272097,0,(831.5, 486.3)
1679997272112,0,(829.9, 488.0)
1679997272125,0,(828.3, 491.2)
1679997272140,0,(828.3, 492.8)
1679997272154,0,(826.7, 497.7)
1679997272166,0,(826.7, 502.6)
1679997272180,0,(826.7, 505.8)
1679997272194,0,(826.7, 510.7)
1679997272208,1,(833.2, 517.2)
1679997272222,1,(844.6, 523.7)
1679997272236,1,(855.9, 531.9)
1679997272250,1,(864.1, 540.0)
1679997272264,1,(880.4, 551.4)
1679997272278,1,(896.6, 561.1)
1679997272292,1,(914.5, 570.9)
1679997272306,1,(924.3, 575.8)
1679997272320,0,(935.7, 583.9)
1679997272333,0,(940.6, 587.2)
1679997272347,0,(940.6, 587.2)
1679997272361,0,(940.6, 587.2)
1679997272375,0,(940.6, 587.2)
1679997272389,0,(940.6, 588.8)
1679997272403,0,(940.6, 590.4)
1679997272417,0,(940.6, 592.1)
1679997272431,1,(937.2, 600.2)
1679997272445,1,(932.4, 605.1)
1679997272459,1,(929.2, 605.1)
1679997272473,1,(927.6, 608.3)
1679997272487,1,(927.6, 608.3)
1679997272501,1,(927.6, 608.3)
1679997272516,1,(927.6, 608.3)
1679997272529,1,(927.6, 608.3)
1679997272543,1,(927.6, 608.3)
1679997272557,1,(927.6, 608.3)
1679997272571,1,(927.6, 608.3)
1679997272584,1,(927.6, 608.3)
1679997272599,1,(925.9, 609.9)
1679997272613,1,(929.2, 614.8)
1679997272627,1,(934.1, 623.0)
1679997272641,1,(953.5, 639.2)
1679997272655,1,(974.6, 655.5)
1679997272669,0,(995.8, 681.5)
1679997272682,0,(1000.7, 688.0)
1679997272696,0,(1005.6, 699.4)
1679997272710,0,(1005.6, 701.0)
1679997272724,0,(1005.6, 701.0)
1679997272737,0,(1005.6, 701.0)
1679997272751,0,(1005.6, 701.0)
1679997272765,0,(1005.6, 701.0)
1679997272779,0,(1005.6, 704.3)
1679997272794,0,(1005.6, 704.3)
1679997272807,0,(1002.3, 704.3)
1679997272822,0,(997.4, 705.9)
1679997272839,0,(990.9, 705.9)
1679997272849,0,(990.9, 707.5)
1679997272863,0,(990.9, 707.5)
1679997272876,0,(990.9, 707.5)
1679997272891,0,(989.3, 707.5)
1679997272905,0,(987.7, 707.5)
1679997272918,0,(987.7, 707.5)
1679997272932,0,(986.0, 707.5)
1679997272946,0,(986.0, 707.5)
1679997272960,0,(986.0, 707.5)
1679997272974,0,(986.0, 709.2)
1679997272988,0,(986.0, 709.2)
1679997273002,0,(984.4, 709.2)
1679997273016,0,(984.4, 709.2)
1679997273030,0,(982.8, 712.4)
1679997273044,0,(982.8, 712.4)
1679997273058,0,(982.8, 712.4)
1679997273072,0,(982.8, 712.4)
1679997273086,0,(981.2, 714.1)
1679997273100,0,(981.2, 715.7)
1679997273114,0,(981.2, 715.7)
1679997273127,0,(981.2, 715.7)
1679997273142,0,(979.5, 718.9)
1679997273155,0,(976.3, 722.2)
1679997273170,0,(976.3, 722.2)
1679997273184,0,(974.6, 725.4)
1679997273198,0,(971.4, 730.3)
1679997273212,0,(968.2, 733.5)
1679997273226,0,(968.2, 733.5)
1679997273240,0,(961.7, 736.8)
1679997273254,0,(958.4, 736.8)
1679997273267,0,(951.9, 736.8)
1679997273281,0,(947.0, 736.8)
1679997273296,0,(940.6, 736.8)
1679997273309,0,(935.7, 736.8)
1679997273324,0,(935.7, 736.8)
1679997273337,0,(935.7, 736.8)
1679997273351,0,(935.7, 736.8)
1679997273365,0,(935.7, 736.8)
1679997273379,0,(935.7, 736.8)
1679997273393,0,(934.1, 736.8)
1679997273408,0,(934.1, 733.6)
1679997273422,0,(934.1, 728.7)
1679997273435,0,(934.1, 718.9)
1679997273449,0,(937.2, 714.0)
1679997273463,0,(942.2, 709.2)
1679997273477,0,(945.4, 704.3)
1679997273491,0,(948.7, 701.0)
1679997273504,0,(950.2, 699.4)
1679997273518,0,(953.5, 697.8)
1679997273532,0,(956.7, 696.1)
1679997273546,0,(956.7, 696.1)
1679997273561,0,(956.7, 696.1)
1679997273574,0,(956.7, 696.1)
1679997273588,0,(956.7, 696.1)
1679997273602,0,(956.7, 696.1)
1679997273616,0,(956.7, 696.1)
1679997273630,0,(956.7, 696.1)
1679997273644,0,(958.4, 696.2)
1679997273658,0,(958.4, 696.2)
1679997273673,0,(958.4, 696.2)
1679997273686,0,(958.4, 696.2)
1679997273699,0,(958.4, 696.2)
1679997273713,0,(958.4, 696.2)
1679997273727,0,(958.4, 696.2)
1679997273741,0,(961.7, 696.1)
1679997273755,0,(964.9, 696.2)
1679997273769,0,(976.3, 702.7)
1679997273783,0,(990.9, 710.8)
1679997273797,0,(1002.3, 717.3)
1679997273812,0,(1005.6, 717.3)
1679997273825,0,(1005.6, 717.3)
1679997273839,0,(1005.6, 717.3)
1679997273853,0,(1005.6, 717.3)
1679997273867,0,(1005.6, 717.3)
1679997273881,0,(1005.6, 717.3)
1679997273895,0,(1005.6, 717.3)
1679997273919,0,(1005.6, 717.3)
1679997273929,0,(1005.6, 717.3)
1679997273940,0,(1005.6, 717.3)
1679997273954,0,(1005.6, 717.3)
1679997273968,0,(1005.6, 717.3)
1679997273982,0,(1003.9, 717.3)
1679997273996,0,(1003.9, 717.3)
1679997274009,0,(1000.7, 717.3)
1679997274024,0,(995.8, 714.0)
1679997274045,0,(989.3, 709.2)
1679997274054,0,(977.9, 697.8)
1679997274068,0,(977.9, 697.8)
1679997274082,0,(974.6, 692.9)
1679997274096,0,(974.6, 692.9)
1679997274110,0,(974.6, 692.9)
1679997274124,0,(974.6, 692.9)
1679997274139,0,(974.6, 692.9)
1679997274152,0,(974.6, 692.9)
1679997274165,0,(974.6, 692.9)
1679997274179,0,(974.6, 692.9)
1679997274193,0,(974.6, 692.9)
1679997274207,0,(974.6, 692.9)
1679997274221,0,(971.4, 692.9)
1679997274235,0,(971.4, 692.9)
1679997274249,0,(969.8, 692.9)
1679997274264,0,(968.2, 692.9)
1679997274288,0,(966.5, 692.9)
1679997274299,0,(964.9, 694.5)
1679997274313,0,(963.3, 694.5)
1679997274327,0,(963.3, 699.4)
1679997274341,0,(963.3, 701.0)
1679997274355,0,(963.3, 701.0)
1679997274369,0,(963.3, 702.7)
1679997274383,0,(963.3, 704.3)
1679997274397,0,(963.3, 704.3)
1679997274411,0,(963.3, 704.3)
1679997274425,0,(963.3, 704.3)
1679997274439,0,(963.3, 705.9)
1679997274453,0,(964.9, 707.5)
1679997274467,0,(964.9, 707.5)
1679997274481,0,(966.5, 710.8)
1679997274495,0,(968.2, 714.0)
1679997274514,0,(969.8, 715.7)
1679997274523,0,(969.8, 715.7)
1679997274543,0,(969.8, 715.7)
1679997274550,0,(971.4, 718.9)
1679997274564,0,(971.4, 718.9)
1679997274578,0,(971.4, 718.9)
1679997274593,0,(971.4, 718.9)
1679997274606,0,(971.4, 718.9)
1679997274620,0,(971.4, 718.9)
1679997274634,0,(971.4, 718.9)
1679997274648,0,(971.4, 718.9)
1679997274662,0,(971.4, 718.9)
1679997274677,0,(971.4, 718.9)
1679997274690,0,(971.4, 718.9)
1679997274704,0,(971.4, 715.7)
1679997274718,0,(971.4, 702.7)
1679997274732,1,(961.7, 679.9)
1679997274746,1,(955.2, 666.9)
1679997274760,1,(942.2, 649.0)
1679997274774,0,(927.6, 629.5)
1679997274801,0,(898.3, 596.9)
1679997274810,1,(857.6, 561.1)
1679997274824,1,(844.6, 549.8)
1679997274837,0,(834.8, 535.1)
1679997274851,0,(831.5, 530.2)
1679997274866,0,(831.5, 528.6)
1679997274879,0,(833.2, 527.0)
1679997274893,0,(833.2, 525.4)
1679997274907,0,(833.2, 525.4)
1679997274921,0,(834.8, 525.4)
1679997274947,0,(838.0, 523.7)
1679997274957,0,(849.4, 520.5)
1679997274970,0,(849.4, 520.5)
1679997274984,0,(867.3, 522.1)
1679997274998,0,(891.8, 530.2)
1679997275012,0,(921.0, 535.1)
1679997275026,0,(932.4, 538.4)
1679997275039,1,(948.7, 544.9)
1679997275053,1,(955.2, 548.1)
1679997275067,1,(955.2, 548.1)
1679997275081,1,(955.2, 548.1)
1679997275095,1,(955.2, 553.0)
1679997275109,1,(956.7, 562.8)
1679997275123,1,(956.7, 579.0)
1679997275137,1,(956.7, 585.5)
1679997275151,0,(956.7, 596.9)
1679997275165,0,(951.9, 605.1)
1679997275179,1,(950.2, 611.6)
1679997275193,1,(947.0, 616.5)
1679997275207,1,(943.7, 618.1)
1679997275221,1,(942.2, 619.7)
1679997275235,1,(937.2, 619.7)
1679997275249,0,(927.6, 619.7)
1679997275264,0,(908.0, 611.6)
1679997275277,0,(888.5, 596.9)
1679997275291,1,(880.4, 592.1)
1679997275304,1,(873.8, 585.5)
1679997275318,1,(873.8, 580.7)
1679997275332,1,(877.1, 577.4)
1679997275347,1,(883.6, 570.9)
1679997275360,0,(901.5, 561.1)
1679997275374,0,(930.7, 559.5)
1679997275395,1,(956.7, 559.5)
1679997275402,1,(981.2, 561.1)
1679997275428,0,(992.5, 562.8)
1679997275439,0,(999.1, 564.4)
1679997275453,0,(999.1, 564.4)
1679997275466,0,(999.1, 564.4)
1679997275480,0,(999.1, 564.4)
1679997275501,0,(999.1, 564.4)
1679997275511,0,(999.1, 564.4)
1679997275522,0,(999.1, 564.4)
1679997275535,0,(999.1, 564.4)
1679997275550,0,(999.1, 566.0)
1679997275564,0,(999.1, 566.0)
1679997275578,0,(999.1, 566.0)
1679997275592,0,(999.1, 567.7)
1679997275606,0,(999.1, 567.7)
1679997275620,0,(995.8, 569.3)
1679997275634,0,(995.8, 569.3)
1679997275647,1,(994.2, 570.9)
1679997275662,1,(992.5, 574.2)
1679997275676,1,(987.7, 575.8)
1679997275689,1,(987.7, 577.4)
1679997275703,1,(986.0, 579.0)
1679997275717,1,(984.4, 579.0)
1679997275731,1,(984.4, 579.0)
1679997275745,1,(982.8, 579.0)
1679997275759,1,(979.5, 582.3)
1679997275773,1,(977.9, 582.3)
1679997275787,1,(977.9, 582.3)
1679997275801,1,(977.9, 582.3)
1679997275815,1,(977.9, 582.3)
1679997275829,1,(977.9, 582.3)
1679997275843,1,(977.9, 582.3)
1679997275868,1,(977.9, 582.3)
1679997275878,1,(984.4, 582.3)
1679997275892,1,(984.4, 582.3)
1679997275906,1,(987.7, 582.3)
1679997275920,0,(995.8, 582.3)
1679997275933,0,(1005.6, 582.3)
1679997275952,0,(1007.2, 582.3)
1679997275961,0,(1007.2, 582.3)
1679997275976,0,(1007.2, 582.3)
1679997275989,0,(1007.2, 582.3)
1679997276003,0,(1007.2, 582.3)
1679997276017,0,(1007.2, 582.3)
1679997276031,0,(1007.2, 582.3)
1679997276046,0,(1007.2, 582.3)
1679997276059,0,(1007.2, 582.3)
1679997276074,0,(1007.2, 582.3)
1679997276087,0,(1007.2, 582.3)
1679997276101,0,(1007.2, 582.3)
1679997276127,0,(1007.2, 582.3)
1679997276136,0,(1007.2, 582.3)
1679997276150,0,(1007.2, 582.3)
1679997276163,0,(1007.2, 582.3)
1679997276177,0,(1007.2, 582.3)
1679997276192,0,(1007.2, 582.3)
1679997276206,0,(1007.2, 582.3)
1679997276219,0,(1007.2, 582.3)
1679997276233,0,(1007.2, 582.3)
1679997276247,0,(1010.4, 585.5)
1679997276261,0,(1017.0, 590.4)
1679997276275,0,(1020.2, 593.7)
1679997276289,0,(1021.8, 593.7)
1679997276303,0,(1021.8, 595.3)
1679997276317,0,(1021.8, 598.6)
1679997276331,0,(1021.8, 598.6)
1679997276345,0,(1021.8, 601.8)
1679997276359,0,(1020.2, 605.1)
1679997276373,0,(1018.6, 606.7)
1679997276387,0,(1018.6, 606.7)
1679997276400,0,(1017.0, 606.7)
1679997276414,0,(1013.7, 608.3)
1679997276428,0,(1012.1, 608.3)
1679997276442,0,(1010.4, 608.3)
1679997276456,0,(1007.2, 611.6)
1679997276470,0,(1002.3, 613.2)
1679997276484,0,(1002.3, 614.8)
1679997276498,0,(1002.3, 614.8)
1679997276512,0,(1002.3, 614.8)
1679997276526,0,(1002.3, 614.8)
1679997276541,0,(1000.7, 614.8)
1679997276555,0,(1000.7, 614.8)
1679997276569,0,(997.4, 614.8)
1679997276583,0,(997.4, 616.4)
1679997276597,0,(994.2, 616.5)
1679997276610,0,(994.2, 616.5)
1679997276624,0,(994.2, 619.7)
1679997276638,0,(992.5, 626.2)
1679997276652,0,(990.9, 631.1)
1679997276666,1,(986.0, 634.3)
1679997276681,1,(981.2, 636.0)
1679997276694,1,(979.5, 642.5)
1679997276708,1,(979.5, 647.3)
1679997276722,1,(977.9, 649.0)
1679997276736,1,(977.9, 649.0)
1679997276750,1,(977.9, 649.0)
1679997276764,1,(977.9, 649.0)
1679997276778,1,(976.3, 649.0)
1679997276792,1,(973.0, 650.6)
1679997276806,1,(969.8, 655.5)
1679997276820,1,(961.7, 660.4)
1679997276834,1,(960.0, 662.0)
1679997276848,1,(956.7, 663.6)
1679997276862,1,(955.2, 663.6)
1679997276876,1,(955.2, 663.6)
1679997276890,1,(955.2, 663.6)
1679997276904,1,(955.2, 663.6)
1679997276918,1,(955.2, 663.6)
1679997276932,1,(955.2, 663.6)
1679997276945,1,(953.5, 663.6)
1679997276959,1,(953.5, 663.6)
1679997276974,0,(951.9, 666.9)
1679997276987,0,(950.2, 668.5)
1679997277000,0,(948.7, 670.1)
1679997277015,0,(947.0, 673.4)
1679997277029,0,(945.4, 676.6)
1679997277043,0,(945.4, 678.3)
1679997277057,0,(945.4, 678.3)
1679997277071,0,(945.4, 678.3)
1679997277085,0,(945.4, 678.3)
1679997277099,0,(945.4, 678.3)
1679997277113,0,(945.4, 678.3)
1679997277127,0,(945.4, 678.3)
1679997277141,0,(945.4, 678.3)
1679997277155,0,(945.4, 678.3)
1679997277168,0,(945.4, 678.3)
1679997277183,0,(945.4, 678.3)
1679997277197,0,(945.4, 678.3)
1679997277212,0,(945.4, 678.3)
1679997277225,0,(945.4, 678.3)
1679997277254,0,(945.4, 678.3)
1679997277266,0,(950.2, 678.3)
1679997277278,0,(953.5, 678.3)
1679997277292,0,(953.5, 676.6)
1679997277306,0,(953.5, 676.6)
1679997277320,0,(953.5, 676.6)
1679997277334,0,(953.5, 676.6)
1679997277348,0,(953.5, 676.6)
1679997277362,0,(956.7, 673.4)
1679997277376,0,(956.7, 673.4)
1679997277390,0,(958.4, 671.8)
1679997277404,0,(960.0, 671.8)
1679997277418,0,(960.0, 671.8)
1679997277432,0,(960.0, 671.8)
1679997277446,0,(960.0, 671.8)
1679997277460,0,(960.0, 671.8)
1679997277474,0,(963.3, 670.1)
1679997277488,0,(964.9, 670.1)
1679997277502,0,(966.5, 668.5)
1679997277516,0,(966.5, 666.9)
1679997277530,0,(969.8, 666.9)
1679997277544,0,(969.8, 666.9)
1679997277559,0,(969.8, 665.3)
1679997277584,0,(973.0, 663.6)
1679997277595,0,(977.9, 660.4)
1679997277609,0,(977.9, 660.4)
1679997277623,0,(979.5, 660.4)
1679997277637,0,(981.2, 660.4)
1679997277651,0,(981.2, 660.4)
1679997277665,0,(982.8, 657.1)
1679997277679,0,(982.8, 657.1)
1679997277693,0,(984.4, 655.5)
1679997277716,0,(984.4, 655.5)
1679997277723,0,(984.4, 652.2)
1679997277737,0,(986.0, 652.2)
1679997277751,0,(986.0, 649.0)
1679997277765,0,(986.0, 649.0)
1679997277779,0,(986.0, 649.0)
1679997277802,0,(986.0, 645.7)
1679997277810,0,(989.3, 642.5)
1679997277824,0,(989.3, 642.5)
1679997277847,0,(989.3, 639.2)
1679997277857,0,(989.3, 639.2)
1679997277867,1,(989.3, 637.6)
1679997277882,1,(989.3, 637.6)
1679997277896,1,(989.3, 634.3)
1679997277909,1,(989.3, 632.7)
1679997277924,1,(989.3, 632.7)
1679997277938,1,(989.3, 629.5)
1679997277952,1,(987.7, 627.8)
1679997277966,1,(986.0, 623.0)
1679997277979,1,(986.0, 623.0)
1679997277993,1,(986.0, 619.7)
1679997278007,1,(986.0, 616.4)
1679997278022,1,(984.4, 613.2)
1679997278035,1,(982.8, 611.6)
1679997278049,1,(982.8, 611.6)
1679997278063,1,(981.2, 608.3)
1679997278077,1,(979.5, 606.7)
1679997278091,1,(979.5, 606.7)
1679997278106,1,(979.5, 606.7)
1679997278119,1,(979.5, 606.7)
1679997278133,1,(979.5, 605.1)
1679997278146,1,(979.5, 605.1)
1679997278160,1,(979.5, 601.8)
1679997278174,1,(979.5, 598.6)
1679997278202,1,(979.5, 596.9)
1679997278212,1,(979.5, 593.7)
1679997278225,1,(979.5, 593.7)
1679997278239,1,(979.5, 593.7)
1679997278253,1,(979.5, 593.7)
1679997278267,1,(979.5, 593.7)
1679997278282,1,(979.5, 593.7)
1679997278295,1,(979.5, 593.7)
1679997278309,1,(979.5, 593.7)
1679997278323,1,(979.5, 593.7)
1679997278337,1,(979.5, 593.7)
1679997278351,1,(979.5, 593.7)
1679997278365,1,(979.5, 592.1)
1679997278379,1,(979.5, 588.8)
1679997278393,1,(974.6, 583.9)
1679997278407,1,(964.9, 574.2)
1679997278421,0,(958.4, 567.7)
1679997278435,0,(951.9, 562.8)
1679997278449,0,(943.7, 559.5)
1679997278463,0,(943.7, 559.5)
1679997278488,0,(942.2, 559.5)
1679997278497,0,(935.7, 559.5)
1679997278512,0,(930.7, 559.5)
1679997278537,0,(917.8, 559.5)
1679997278546,0,(886.9, 554.6)
1679997278561,0,(875.5, 551.4)
1679997278576,0,(844.6, 543.3)
1679997278589,0,(815.3, 523.7)
1679997278603,0,(803.9, 514.0)
1679997278617,1,(779.6, 494.5)
1679997278631,0,(753.5, 471.7)
1679997278657,0,(734.0, 453.8)
1679997278665,0,(719.3, 434.3)
1679997278679,0,(712.8, 429.4)
1679997278693,0,(712.8, 429.4)
1679997278707,0,(711.2, 427.8)
1679997278721,0,(708.0, 427.8)
1679997278735,0,(701.4, 426.2)
1679997278749,0,(677.1, 421.3)
1679997278762,0,(659.1, 418.0)
1679997278776,0,(628.3, 411.5)
1679997278790,0,(612.0, 409.9)
1679997278804,0,(608.8, 409.9)
1679997278818,0,(608.8, 409.9)
1679997278832,0,(608.8, 409.9)
1679997278847,0,(607.1, 411.5)
1679997278860,0,(607.1, 421.3)
1679997278874,0,(607.1, 429.4)
1679997278888,0,(610.3, 444.0)
1679997278902,0,(616.8, 458.7)
1679997278916,0,(625.0, 468.4)
1679997278931,0,(628.3, 470.1)
1679997278944,0,(633.1, 473.3)
1679997278958,0,(633.1, 473.3)
1679997278972,0,(633.1, 473.3)
1679997278986,0,(633.1, 473.3)
1679997279000,0,(633.1, 473.3)
1679997279014,0,(633.1, 473.3)
1679997279027,0,(633.1, 473.3)
1679997279042,0,(633.1, 473.3)
1679997279057,0,(633.1, 473.3)
1679997279069,0,(633.1, 473.3)
1679997279083,0,(633.1, 473.3)
1679997279097,0,(633.1, 473.3)
1679997279111,0,(633.1, 473.3)
1679997279125,0,(633.1, 473.3)
1679997279139,0,(633.1, 473.3)
1679997279153,0,(633.1, 473.3)
1679997279167,0,(633.1, 473.3)
1679997279181,0,(633.1, 473.3)
1679997279195,0,(633.1, 473.3)
1679997279209,0,(633.1, 473.3)
1679997279223,0,(633.1, 473.3)
1679997279236,0,(636.4, 471.7)
1679997279250,0,(638.0, 471.7)
1679997279264,0,(642.9, 471.7)
1679997279278,0,(651.0, 473.3)
1679997279298,0,(654.3, 474.9)
1679997279308,0,(654.3, 474.9)
1679997279321,0,(654.3, 474.9)
1679997279341,0,(657.5, 474.9)
1679997279350,0,(657.5, 474.9)
1679997279362,0,(657.5, 474.9)
1679997279390,0,(657.5, 474.9)
1679997279399,0,(657.5, 474.9)
1679997279411,0,(657.5, 474.9)
1679997279423,0,(657.5, 474.9)
1679997279437,0,(657.5, 474.9)
1679997279451,0,(657.5, 474.9)
1679997279465,0,(659.1, 471.7)
1679997279479,0,(655.9, 470.1)
1679997279493,0,(652.6, 470.1)
1679997279508,0,(646.1, 468.4)
1679997279521,0,(646.1, 468.4)
1679997279535,0,(642.9, 466.8)
1679997279549,0,(639.6, 465.2)
1679997279576,0,(639.6, 465.2)
1679997279585,0,(636.4, 461.9)
1679997279598,0,(636.4, 461.9)
1679997279612,0,(636.4, 461.9)
1679997279626,0,(636.4, 461.9)
1679997279640,0,(634.8, 460.3)
1679997279653,0,(634.8, 460.3)
1679997279667,0,(634.8, 457.1)
1679997279682,0,(638.0, 455.4)
1679997279697,0,(646.1, 450.5)
1679997279710,0,(668.9, 445.7)
1679997279738,0,(706.3, 435.9)
1679997279748,0,(766.5, 426.1)
1679997279761,0,(781.1, 421.3)
1679997279776,0,(821.8, 409.9)
1679997279796,0,(859.2, 401.7)
1679997279804,0,(891.8, 396.8)
1679997279817,0,(904.8, 395.2)
1679997279831,0,(927.6, 395.2)
1679997279845,0,(945.4, 395.2)
1679997279859,0,(953.5, 396.9)
1679997279873,0,(956.7, 398.5)
1679997279887,0,(956.7, 398.5)
1679997279901,0,(956.7, 398.5)
1679997279915,0,(956.7, 398.5)
1679997279928,0,(956.7, 398.5)
1679997279942,0,(958.4, 400.1)
1679997279956,0,(958.4, 400.1)
1679997279970,0,(958.4, 403.4)
1679997279985,0,(958.4, 405.0)
1679997279999,0,(958.4, 408.2)
1679997280012,0,(958.4, 409.9)
1679997280027,0,(958.4, 409.9)
1679997280041,0,(956.7, 411.5)
1679997280055,0,(956.7, 411.5)
1679997280069,0,(956.7, 413.1)
1679997280083,0,(955.2, 414.8)
1679997280097,0,(955.2, 414.8)
1679997280111,0,(955.2, 414.8)
1679997280125,0,(955.2, 414.8)
1679997280153,0,(955.2, 414.8)
1679997280161,0,(955.2, 418.0)
1679997280175,0,(955.2, 419.6)
1679997280189,0,(955.2, 422.9)
1679997280203,0,(955.2, 422.9)
1679997280217,0,(955.2, 422.9)
1679997280232,0,(955.2, 422.9)
1679997280245,0,(955.2, 422.9)
1679997280271,0,(955.2, 422.9)
1679997280279,0,(955.2, 422.9)
1679997280296,0,(955.2, 422.9)
1679997280307,0,(955.2, 422.9)
1679997280320,0,(955.2, 422.9)
1679997280334,0,(955.2, 422.9)
1679997280348,0,(955.2, 422.9)
1679997280362,0,(955.2, 422.9)
1679997280376,0,(955.2, 422.9)
1679997280390,0,(955.2, 422.9)
1679997280405,0,(955.2, 422.9)
1679997280418,0,(955.2, 422.9)
1679997280431,0,(955.2, 422.9)
1679997280445,0,(955.2, 422.9)
1679997280459,0,(955.2, 422.9)
1679997280473,0,(955.2, 422.9)
1679997280486,0,(955.2, 422.9)
1679997280501,0,(955.2, 422.9)
1679997280515,0,(955.2, 422.9)
1679997280528,0,(955.2, 422.9)
1679997280547,0,(955.2, 422.9)
1679997280557,0,(955.2, 422.9)
1679997280571,0,(955.2, 422.9)
1679997280585,0,(955.2, 422.9)
1679997280598,0,(955.2, 422.9)
1679997280612,0,(955.2, 422.9)
1679997280626,0,(955.2, 422.9)
1679997280640,0,(955.2, 422.9)
1679997280654,0,(955.2, 422.9)
1679997280669,0,(955.2, 422.9)
1679997280684,0,(955.2, 422.9)
1679997280697,0,(955.2, 422.9)
1679997280711,0,(955.2, 422.9)
1679997280725,0,(955.2, 422.9)
1679997280739,0,(955.2, 422.9)
1679997280753,0,(955.2, 422.9)
1679997280767,0,(955.2, 422.9)
1679997280781,0,(955.2, 422.9)
